113_s001 100 (512,512,3)
113_s002 100 (512,512,3)
113_s003 100 (512,512,3)
113_s004 100 (512,512,3)
113_s005 100 (512,512,3)
113_s006 100 (512,512,3)
113_s007 100 (512,512,3)
113_s008 100 (512,512,3)
156_s001 100 (512,512,3)
156_s002 100 (512,512,3)
156_s003 100 (512,512,3)
156_s004 100 (512,512,3)
156_s005 100 (512,512,3)
156_s006 100 (512,512,3)
156_s007 100 (512,512,3)
156_s008 100 (512,512,3)
183_s001 100 (512,512,3)
183_s002 100 (512,512,3)
183_s003 100 (512,512,3)
183_s004 100 (512,512,3)
183_s005 100 (512,512,3)
183_s006 100 (512,512,3)
183_s007 100 (512,512,3)
183_s008 100 (512,512,3)
204_s001 100 (512,512,3)
204_s002 100 (512,512,3)
204_s003 100 (512,512,3)
204_s004 100 (512,512,3)
204_s005 100 (512,512,3)
204_s006 100 (512,512,3)
204_s007 100 (512,512,3)
204_s008 100 (512,512,3)
225_s001 100 (512,512,3)
225_s002 100 (512,512,3)
225_s003 100 (512,512,3)
225_s004 100 (512,512,3)
225_s005 100 (512,512,3)
225_s006 100 (512,512,3)
225_s007 100 (512,512,3)
225_s008 100 (512,512,3)